						Plan de produccion
							2020
=============================================================================================
Producto: 111
--------------------------------------------------------------------------------------------
Semana	Stock Ini.	Unidades Prod.	Disp. Vent.	St. Seg.	St. Disp	Pend. Prod.	Cap. Disp.
--------------------------------------------------------------------------------------------
	01		80				80			103			40			17			0			120
	02		57				120			100			40			37			0			80
	03		77				200			250			40			0			13			0
	04		40				160			150			40			10			0			40
	05		50				200			310			40			0			100			0
	06		40				200			220			40			0			20			0
	07		40				120			100			40			20			0			80
	08		60				120			110			40			30			0			80
	09		70				200			200			40			30			0			0
=============================================================================================
Producto: 222
--------------------------------------------------------------------------------------------
Semana	Stock Ini.	Unidades Prod.	Disp. Vent.	St. Seg.	St. Disp	Pend. Prod.	Cap. Disp.
--------------------------------------------------------------------------------------------
	01		30				160			150			10			30			0			20
	05		40				180			200			10			10			0			0
	06		20				180			200			10			0			10			0
	07		10				160			125			10			35			0			20
	08		45				180			232			10			0			17			0
	09		10				180			235			10			0			55			0
	10		10				120			110			10			10			0			60
	11		20				40			20			10			30			0			140
=============================================================================================
Producto: 333
--------------------------------------------------------------------------------------------
Semana	Stock Ini.	Unidades Prod.	Disp. Vent.	St. Seg.	St. Disp	Pend. Prod.	Cap. Disp.
--------------------------------------------------------------------------------------------
	01		15				100			100			5			10			0			0
	02		15				100			100			5			10			0			0
	03		15				100			100			5			10			0			0
	04		15				100			100			5			10			0			0
	05		15				100			100			5			10			0			0
	06		15				50			50			5			10			0			50
	07		15				100			150			5			0			40			0
	08		5				100			100			5			0			0			0
	09		5				100			100			5			0			0			0
	10		5				100			90			5			10			0			0
	11		15				100			110			5			0			0			0
=============================================================================================
RESUMEN
Producto con mayor produccion en 2020: 333 3650
Producto con la segunda mayor produccion en 2020: 222 2600
=============================================================================================
